43
3 7
2 2 2
1 1 1 1 1 1 1 
1 0 0 1 1 1 1 
1 1 1 1 1 1 1 
8 7
2 3 3
1 1 1 1 1 1 1 
1 1 0 1 1 1 1 
1 0 1 1 0 0 1 
1 1 1 0 1 0 1 
1 1 1 1 1 1 1 
1 1 1 0 0 1 1 
1 0 0 1 0 1 1 
1 1 1 1 1 1 1 
10 5
6 2 3
1 1 1 1 1 
1 1 0 0 1 
1 1 1 1 1 
1 1 0 1 1 
1 0 1 0 1 
1 0 0 1 1 
1 1 1 1 1 
1 1 0 0 1 
1 0 0 1 1 
1 1 1 1 1 
5 3
4 2 3
1 1 1 
1 1 1 
1 1 1 
1 0 1 
1 1 1 
4 7
2 2 0
1 1 1 1 1 1 1 
1 0 1 1 1 1 1 
1 0 1 1 1 0 1 
1 1 1 1 1 1 1 
9 8
8 2 3
1 1 1 1 1 1 1 1 
1 1 0 0 1 1 1 1 
1 0 0 1 1 1 1 1 
1 1 1 1 1 1 1 1 
1 1 0 1 1 1 1 1 
1 0 1 0 1 1 0 1 
1 1 0 1 0 0 1 1 
1 0 1 1 0 0 1 1 
1 1 1 1 1 1 1 1 
4 10
3 5 3
1 1 1 1 1 1 1 1 1 1 
1 1 0 1 1 0 1 0 1 1 
1 1 1 1 0 1 0 1 1 1 
1 1 1 1 1 1 1 1 1 1 
8 3
4 2 1
1 1 1 
1 1 1 
1 1 1 
1 0 1 
1 1 1 
1 1 1 
1 1 1 
1 1 1 
3 8
2 6 1
1 1 1 1 1 1 1 1 
1 1 1 1 0 0 1 1 
1 1 1 1 1 1 1 1 
10 3
5 2 1
1 1 1 
1 1 1 
1 0 1 
1 1 1 
1 0 1 
1 0 1 
1 1 1 
1 1 1 
1 1 1 
1 1 1 
10 5
8 2 0
1 1 1 1 1 
1 1 1 1 1 
1 1 1 1 1 
1 0 1 1 1 
1 1 1 0 1 
1 0 1 1 1 
1 1 1 1 1 
1 0 0 1 1 
1 1 0 1 1 
1 1 1 1 1 
8 9
2 5 1
1 1 1 1 1 1 1 1 1 
1 1 1 1 0 1 0 0 1 
1 0 1 0 1 1 0 1 1 
1 1 0 1 0 1 1 0 1 
1 0 1 0 1 0 0 1 1 
1 1 1 1 0 1 1 0 1 
1 1 1 1 1 1 1 1 1 
1 1 1 1 1 1 1 1 1 
3 10
2 9 2
1 1 1 1 1 1 1 1 1 1 
1 1 1 1 1 0 0 1 0 1 
1 1 1 1 1 1 1 1 1 1 
7 6
5 2 1
1 1 1 1 1 1 
1 1 0 1 1 1 
1 1 1 1 1 1 
1 0 1 0 1 1 
1 0 1 0 0 1 
1 1 1 1 1 1 
1 1 1 1 1 1 
4 9
3 6 1
1 1 1 1 1 1 1 1 1 
1 1 1 1 1 0 1 0 1 
1 1 1 0 1 0 1 1 1 
1 1 1 1 1 1 1 1 1 
8 3
5 2 0
1 1 1 
1 1 1 
1 1 1 
1 1 1 
1 0 1 
1 0 1 
1 1 1 
1 1 1 
6 4
4 2 0
1 1 1 1 
1 1 1 1 
1 0 1 1 
1 0 1 1 
1 0 1 1 
1 1 1 1 
6 4
2 2 0
1 1 1 1 
1 0 1 1 
1 0 0 1 
1 1 0 1 
1 1 1 1 
1 1 1 1 
9 8
7 5 2
1 1 1 1 1 1 1 1 
1 0 0 0 1 0 1 1 
1 0 1 1 0 1 0 1 
1 1 1 1 1 1 1 1 
1 1 1 1 1 1 0 1 
1 1 1 0 0 1 0 1 
1 1 1 0 0 1 1 1 
1 0 0 0 0 1 1 1 
1 1 1 1 1 1 1 1 
8 5
3 4 0
1 1 1 1 1 
1 1 1 1 1 
1 0 1 0 1 
1 0 1 1 1 
1 0 1 0 1 
1 1 0 0 1 
1 0 1 1 1 
1 1 1 1 1 
5 7
4 5 2
1 1 1 1 1 1 1 
1 0 1 1 0 1 1 
1 1 0 1 1 1 1 
1 1 1 1 0 1 1 
1 1 1 1 1 1 1 
10 8
3 3 3
1 1 1 1 1 1 1 1 
1 1 0 0 0 1 1 1 
1 1 0 0 0 1 0 1 
1 0 1 1 1 0 1 1 
1 1 1 1 0 1 0 1 
1 1 1 1 0 1 1 1 
1 1 1 1 0 1 1 1 
1 0 0 1 1 1 1 1 
1 1 1 1 1 1 1 1 
1 1 1 1 1 1 1 1 
9 4
6 3 3
1 1 1 1 
1 1 1 1 
1 0 1 1 
1 1 1 1 
1 0 0 1 
1 1 0 1 
1 1 1 1 
1 1 1 1 
1 1 1 1 
5 4
4 3 3
1 1 1 1 
1 0 1 1 
1 1 1 1 
1 0 0 1 
1 1 1 1 
4 4
2 3 3
1 1 1 1 
1 1 0 1 
1 1 1 1 
1 1 1 1 
4 8
2 7 2
1 1 1 1 1 1 1 1 
1 1 0 0 1 0 0 1 
1 1 1 1 1 1 0 1 
1 1 1 1 1 1 1 1 
4 7
3 3 2
1 1 1 1 1 1 1 
1 0 1 1 0 1 1 
1 1 0 1 1 1 1 
1 1 1 1 1 1 1 
5 4
3 2 0
1 1 1 1 
1 1 1 1 
1 0 1 1 
1 1 1 1 
1 1 1 1 
4 6
2 2 3
1 1 1 1 1 1 
1 0 0 1 1 1 
1 1 1 1 1 1 
1 1 1 1 1 1 
6 9
2 6 1
1 1 1 1 1 1 1 1 1 
1 1 1 1 0 0 1 0 1 
1 1 1 1 0 1 1 1 1 
1 1 1 0 0 1 1 1 1 
1 0 1 1 0 1 0 0 1 
1 1 1 1 1 1 1 1 1 
8 6
4 4 0
1 1 1 1 1 1 
1 1 0 0 1 1 
1 0 1 1 0 1 
1 1 0 0 1 1 
1 1 0 1 1 1 
1 0 1 0 0 1 
1 1 1 1 1 1 
1 1 1 1 1 1 
3 8
2 2 0
1 1 1 1 1 1 1 1 
1 0 1 1 1 0 1 1 
1 1 1 1 1 1 1 1 
8 4
5 2 1
1 1 1 1 
1 0 1 1 
1 0 1 1 
1 1 1 1 
1 0 1 1 
1 1 0 1 
1 1 0 1 
1 1 1 1 
5 5
3 4 0
1 1 1 1 1 
1 1 1 1 1 
1 1 1 0 1 
1 1 0 0 1 
1 1 1 1 1 
7 10
5 5 0
1 1 1 1 1 1 1 1 1 1 
1 1 0 1 0 1 0 1 1 1 
1 0 1 1 0 1 1 1 0 1 
1 1 1 1 0 0 1 0 1 1 
1 1 1 0 0 1 1 0 0 1 
1 1 0 1 0 1 1 0 0 1 
1 1 1 1 1 1 1 1 1 1 
10 7
2 3 3
1 1 1 1 1 1 1 
1 1 0 1 1 1 1 
1 0 1 0 1 1 1 
1 0 0 1 1 0 1 
1 1 1 1 0 0 1 
1 1 1 0 1 0 1 
1 1 1 0 1 0 1 
1 1 1 1 0 1 1 
1 1 1 1 1 0 1 
1 1 1 1 1 1 1 
6 7
4 2 2
1 1 1 1 1 1 1 
1 0 1 1 1 1 1 
1 1 1 1 0 0 1 
1 0 1 1 1 1 1 
1 0 0 1 1 0 1 
1 1 1 1 1 1 1 
3 7
2 4 0
1 1 1 1 1 1 1 
1 1 1 0 0 1 1 
1 1 1 1 1 1 1 
4 6
2 2 2
1 1 1 1 1 1 
1 0 1 0 1 1 
1 1 0 1 0 1 
1 1 1 1 1 1 
4 9
3 6 3
1 1 1 1 1 1 1 1 1 
1 0 1 1 0 1 0 0 1 
1 1 1 1 0 0 0 1 1 
1 1 1 1 1 1 1 1 1 
9 4
7 2 2
1 1 1 1 
1 1 0 1 
1 1 1 1 
1 1 1 1 
1 1 1 1 
1 1 1 1 
1 0 0 1 
1 0 0 1 
1 1 1 1 
4 8
2 5 2
1 1 1 1 1 1 1 1 
1 1 0 1 0 1 1 1 
1 0 1 0 0 0 1 1 
1 1 1 1 1 1 1 1 
6 4
4 3 3
1 1 1 1 
1 0 0 1 
1 1 1 1 
1 0 0 1 
1 1 0 1 
1 1 1 1 
